teleportenabled: true
teleportauto: false
godmode: false
muted: false
jailed: false
ip-address: 127.190.71.39
afk: false
socialspy: false
npc: false
powertoolsenabled: true
accepting-pay: true
baltop-exempt: false
timestamps:
  lastteleport: 1746933746166
  lastheal: 0
  mute: 0
  jail: 0
  onlinejail: 0
  logout: 1746935536313
  login: 1746934568216
  kits:
    notch: 1746652725023
money: '23876.9099999999996037'
last-account-name: adrianox27
logoutlocation:
  world: 6d5de5c8-d240-4d55-8f58-e03e6b7cb7c7
  world-name: world
  x: 313.05459624314153
  y: 56.0
  z: -664.7769295379516
  yaw: 79.9580078125
  pitch: 13.499968528747559
homes:
  home:
    world: 6d5de5c8-d240-4d55-8f58-e03e6b7cb7c7
    world-name: world
    x: 247.68296309224223
    y: 76.0
    z: -384.02521729279476
    yaw: 170.3753662109375
    pitch: 10.35007095336914
  presagio:
    world: 6d5de5c8-d240-4d55-8f58-e03e6b7cb7c7
    world-name: world
    x: 183.9792380164907
    y: 63.0
    z: -184.82602169835332
    yaw: -96.89741516113281
    pitch: 8.399916648864746
  spawner:
    world: 6d5de5c8-d240-4d55-8f58-e03e6b7cb7c7
    world-name: world
    x: 371.1167022566519
    y: 31.0
    z: -303.43790853484984
    yaw: -158.2626495361328
    pitch: 41.999977111816406
lastlocation:
  world: 6d5de5c8-d240-4d55-8f58-e03e6b7cb7c7
  world-name: world
  x: 306.7660383903858
  y: 69.0
  z: -574.2088280661742
  yaw: 35.5487060546875
  pitch: -5.850037097930908
