teleportenabled: true
teleportauto: false
godmode: false
muted: false
jailed: false
ip-address: 127.190.71.39
afk: false
socialspy: false
npc: false
powertoolsenabled: true
accepting-pay: true
baltop-exempt: false
timestamps:
  lastteleport: 1746475474932
  lastheal: 0
  mute: 0
  jail: 0
  onlinejail: 0
  logout: 1746475519811
  login: 1746474943661
money: '6752.1900000000000009'
last-account-name: adrianox27
logoutlocation:
  world: 6d5de5c8-d240-4d55-8f58-e03e6b7cb7c7
  world-name: world
  x: 180.63416074276083
  y: 63.0
  z: -184.9047802984977
  yaw: 79.918212890625
  pitch: 22.799985885620117
homes:
  home:
    world: 6d5de5c8-d240-4d55-8f58-e03e6b7cb7c7
    world-name: world
    x: 247.68296309224223
    y: 76.0
    z: -384.02521729279476
    yaw: 170.3753662109375
    pitch: 10.35007095336914
  presagio:
    world: 6d5de5c8-d240-4d55-8f58-e03e6b7cb7c7
    world-name: world
    x: 183.9792380164907
    y: 63.0
    z: -184.82602169835332
    yaw: -96.89741516113281
    pitch: 8.399916648864746
  spawner:
    world: 6d5de5c8-d240-4d55-8f58-e03e6b7cb7c7
    world-name: world
    x: 371.1167022566519
    y: 31.0
    z: -303.43790853484984
    yaw: -158.2626495361328
    pitch: 41.999977111816406
lastlocation:
  world: 6d5de5c8-d240-4d55-8f58-e03e6b7cb7c7
  world-name: world
  x: 244.48337129355033
  y: 76.0
  z: -387.4838494729827
  yaw: 20.375350952148438
  pitch: 24.4500732421875
