teleportenabled: true
teleportauto: false
godmode: false
muted: false
jailed: false
ip-address: 127.190.71.39
afk: false
socialspy: false
npc: false
powertoolsenabled: true
accepting-pay: true
baltop-exempt: false
timestamps:
  lastteleport: 1746412694059
  lastheal: 0
  mute: 0
  jail: 0
  onlinejail: 0
  logout: 1746414934466
  login: 1746414734682
money: '2626.93'
last-account-name: adrianox27
logoutlocation:
  world: 6d5de5c8-d240-4d55-8f58-e03e6b7cb7c7
  world-name: world
  x: 368.5660508137819
  y: 31.0
  z: -303.19832207944756
  yaw: 73.92633819580078
  pitch: 28.19995880126953
homes:
  home:
    world: 6d5de5c8-d240-4d55-8f58-e03e6b7cb7c7
    world-name: world
    x: 247.68296309224223
    y: 76.0
    z: -384.02521729279476
    yaw: 170.3753662109375
    pitch: 10.35007095336914
  presagio:
    world: 6d5de5c8-d240-4d55-8f58-e03e6b7cb7c7
    world-name: world
    x: 183.9792380164907
    y: 63.0
    z: -184.82602169835332
    yaw: -96.89741516113281
    pitch: 8.399916648864746
  spawner:
    world: 6d5de5c8-d240-4d55-8f58-e03e6b7cb7c7
    world-name: world
    x: 371.1167022566519
    y: 31.0
    z: -303.43790853484984
    yaw: -158.2626495361328
    pitch: 41.999977111816406
lastlocation:
  world: 6d5de5c8-d240-4d55-8f58-e03e6b7cb7c7
  world-name: world
  x: 370.9978898140992
  y: 31.5
  z: -303.142823710372
  yaw: -125.41259765625
  pitch: -4.80003547668457
